  0.1006956       1.000182       8.877940    
  0.1020964      0.9989386       8.719913    
  0.1035167      0.9976828       8.564701    
  0.1049567      0.9964148       8.412251    
  0.1064168      0.9951346       8.262514    
  0.1078973      0.9938418       8.115441    
  0.1093982      0.9925366       7.970989    
  0.1109201      0.9912186       7.829106    
  0.1124632      0.9898878       7.689750    
  0.1140277      0.9885442       7.552873    
  0.1156140      0.9871874       7.418433    
  0.1172223      0.9858174       7.286387    
  0.1188531      0.9844342       7.156690    
  0.1205065      0.9830375       7.029302    
  0.1221829      0.9816272       6.904182    
  0.1238826      0.9802032       6.781289    
  0.1256060      0.9787654       6.660582    
  0.1273534      0.9773136       6.542024    
  0.1291250      0.9758477       6.425578    
  0.1309213      0.9743676       6.311204    
  0.1327426      0.9728730       6.198865    
  0.1345893      0.9713640       6.088526    
  0.1364616      0.9698403       5.980152    
  0.1383599      0.9683018       5.873706    
  0.1402847      0.9667484       5.769155    
  0.1422363      0.9651797       5.666464    
  0.1442150      0.9635959       5.565602    
  0.1462212      0.9619967       5.466536    
  0.1482553      0.9603819       5.369232    
  0.1503178      0.9587516       5.273661    
  0.1524089      0.9571053       5.179790    
  0.1545291      0.9554430       5.087591    
  0.1566789      0.9537646       4.997033    
  0.1588585      0.9520698       4.908086    
  0.1610684      0.9503586       4.820723    
  0.1633091      0.9486308       4.734915    
  0.1655810      0.9468862       4.650634    
  0.1678844      0.9451245       4.567854    
  0.1702199      0.9433458       4.486547    
  0.1725879      0.9415499       4.406687    
  0.1749889      0.9397364       4.328249    
  0.1774232      0.9379053       4.251206    
  0.1798914      0.9360566       4.175536    
  0.1823939      0.9341897       4.101212    
  0.1849313      0.9323047       4.028211    
  0.1875039      0.9304014       3.956509    
  0.1901124      0.9284797       3.886084    
  0.1927571      0.9265392       3.816912    
  0.1954386      0.9245799       3.748972    
  0.1981574      0.9226015       3.682241    
  0.2009141      0.9206040       3.616698    
  0.2037091      0.9185870       3.552321    
  0.2065429      0.9165504       3.489090    
  0.2094162      0.9144940       3.426985    
  0.2123295      0.9124176       3.365985    
  0.2152833      0.9103211       3.306072    
  0.2182782      0.9082042       3.247224    
  0.2213148      0.9060667       3.189424    
  0.2243935      0.9039084       3.132652    
  0.2275152      0.9017292       3.076892    
  0.2306802      0.8995287       3.022123    
  0.2338893      0.8973070       2.968330    
  0.2371430      0.8950636       2.915494    
  0.2404420      0.8927984       2.863599    
  0.2437869      0.8905113       2.812627    
  0.2471783      0.8882018       2.762563    
  0.2506169      0.8858700       2.713390    
  0.2541034      0.8835154       2.665092    
  0.2576383      0.8811380       2.617654    
  0.2612224      0.8787375       2.571060    
  0.2648563      0.8763137       2.525296    
  0.2685409      0.8738663       2.480345    
  0.2722766      0.8713951       2.436196    
  0.2760644      0.8688999       2.392832    
  0.2799048      0.8663805       2.350240    
  0.2837987      0.8638365       2.308406    
  0.2877467      0.8612679       2.267317    
  0.2917497      0.8586743       2.226959    
  0.2958083      0.8560556       2.187319    
  0.2999234      0.8534113       2.148385    
  0.3040958      0.8507413       2.110144    
  0.3083262      0.8480454       2.072584    
  0.3126154      0.8453233       2.035693    
  0.3169643      0.8425748       1.999457    
  0.3213737      0.8397995       1.963868    
  0.3258445      0.8369973       1.928911    
  0.3303775      0.8341678       1.894577    
  0.3349735      0.8313109       1.860853    
  0.3396334      0.8284261       1.827731    
  0.3443581      0.8255134       1.795197    
  0.3491487      0.8225724       1.763243    
  0.3540058      0.8196027       1.731858    
  0.3589305      0.8166042       1.701031    
  0.3639237      0.8135766       1.670753    
  0.3689864      0.8105195       1.641014    
  0.3741195      0.8074328       1.611804    
  0.3793240      0.8043160       1.583114    
  0.3846010      0.8011690       1.554935    
  0.3899513      0.7979913       1.527257    
  0.3953761      0.7947828       1.500072    
  0.4008763      0.7915431       1.473371    
  0.4064530      0.7882720       1.447146    
  0.4121074      0.7849690       1.421387    
  0.4178404      0.7816340       1.396086    
  0.4236531      0.7782665       1.371236    
  0.4295467      0.7748663       1.346828    
  0.4355223      0.7714331       1.322855    
  0.4415810      0.7679664       1.299308    
  0.4477240      0.7644662       1.276181    
  0.4539525      0.7609319       1.253465    
  0.4602676      0.7573633       1.231153    
  0.4666705      0.7537599       1.209239    
  0.4731626      0.7501215       1.187715    
  0.4797449      0.7464479       1.166574    
  0.4864188      0.7427384       1.145809    
  0.4931855      0.7389930       1.125414    
  0.5000465      0.7352112       1.105279    
  0.5070028      0.7313993       1.070710    
  0.5140560      0.7275968       1.037222    
  0.5212072      0.7238099       1.004782    
  0.5284579      0.7200387      0.9733563    
  0.5358095      0.7162831      0.9429132    
  0.5432633      0.7125430      0.9134228    
  0.5508209      0.7088184      0.8848544    
  0.5584835      0.7051092      0.8571796    
  0.5662528      0.7014154      0.8303704    
  0.5741302      0.6977369      0.8043996    
  0.5821171      0.6940734      0.7792410    
  0.5902152      0.6904253      0.7548693    
  0.5984259      0.6867921      0.7312601    
  0.6067508      0.6831740      0.7083890    
  0.6151916      0.6795710      0.6862334    
  0.6237497      0.6759827      0.6647707    
  0.6324270      0.6724094      0.6439792    
  0.6412249      0.6688507      0.6238381    
  0.6501452      0.6653069      0.6043269    
  0.6591896      0.6617777      0.5854257    
  0.6683599      0.6582630      0.5671160    
  0.6776577      0.6547629      0.5493788    
  0.6870849      0.6512774      0.5321963    
  0.6966432      0.6478061      0.5155512    
  0.7063344      0.6443493      0.4994268    
  0.7161605      0.6409068      0.4838067    
  0.7261233      0.6374785      0.4686751    
  0.7362247      0.6340643      0.4540167    
  0.7464666      0.6306643      0.4398169    
  0.7568510      0.6272784      0.4260611    
  0.7673799      0.6239064      0.4127355    
  0.7780551      0.6205485      0.3998268    
  0.7888790      0.6172044      0.3873217    
  0.7998534      0.6138741      0.3752078    
  0.8109804      0.6105576      0.3634727    
  0.8222622      0.6072549      0.3521048    
  0.8337010      0.6039658      0.3410923    
  0.8452990      0.6006902      0.3304242    
  0.8570583      0.5974283      0.3200898    
  0.8689812      0.5941797      0.3100787    
  0.8810699      0.5909448      0.3003806    
  0.8933268      0.5877231      0.2909859    
  0.9057543      0.5845148      0.2818848    
  0.9183546      0.5813197      0.2730686    
  0.9311302      0.5781379      0.2645281    
  0.9440835      0.5749692      0.2562547    
  0.9572170      0.5718136      0.2482400    
  0.9705331      0.5686711      0.2404761    
  0.9840346      0.5655416      0.2329549    
  0.9977239      0.5624250      0.2256690    
   1.011604      0.5593213      0.2186109    
   1.025676      0.5562304      0.2117736    
   1.039945      0.5531523      0.2051501    
   1.054412      0.5500870      0.1987338    
   1.069081      0.5470343      0.1925182    
   1.083953      0.5439942      0.1864970    
   1.099032      0.5409669      0.1806641    
   1.114321      0.5379519      0.1750136    
   1.129823      0.5349494      0.1695399    
   1.145540      0.5319594      0.1642374    
   1.161476      0.5289817      0.1591006    
   1.177634      0.5260164      0.1541246    
   1.194017      0.5230632      0.1493041    
   1.210627      0.5201223      0.1446345    
   1.227468      0.5171937      0.1401109    
   1.244544      0.5142770      0.1357287    
   1.261858      0.5113724      0.1314837    
   1.279412      0.5084800      0.1273714    
   1.297210      0.5055994      0.1233877    
   1.315256      0.5027307      0.1195286    
   1.333553      0.4998739      0.1157902    
   1.352105      0.4970289      0.1121687    
   1.370915      0.4941957      0.1086605    
   1.389986      0.4913742      0.1052620    
   1.409323      0.4885643      0.1019699    
   1.428928      0.4857662      9.8780677E-02
   1.448807      0.4829795      9.5691159E-02
   1.468961      0.4802045      9.2698336E-02
   1.489397      0.4774409      8.9799091E-02
   1.510116      0.4746886      8.6990491E-02
   1.531124      0.4719478      8.4269769E-02
   1.552424      0.4692184      8.1634164E-02
   1.574021      0.4665002      7.9080939E-02
   1.595917      0.4637932      7.6607607E-02
   1.618119      0.4610975      7.4211605E-02
   1.640629      0.4584129      7.1890540E-02
   1.663453      0.4557393      6.9642089E-02
   1.686593      0.4530770      6.7463964E-02
   1.710056      0.4504255      6.5353945E-02
   1.733845      0.4477851      6.3309930E-02
   1.757966      0.4451556      6.1329853E-02
   1.782421      0.4425369      5.9411675E-02
   1.807217      0.4399290      5.7553511E-02
   1.832358      0.4373320      5.5753469E-02
   1.857849      0.4347457      5.4009717E-02
   1.883694      0.4321702      5.2320510E-02
   1.909899      0.4296052      5.0684109E-02
   1.936468      0.4270508      4.9098916E-02
   1.963407      0.4245071      4.7563296E-02
   1.990721      0.4219738      4.6075679E-02
   2.018415      0.4194510      4.4634614E-02
   2.046494      0.4169387      4.3238621E-02
   2.074963      0.4144367      4.1886285E-02
   2.103829      0.4119451      4.0576249E-02
   2.133096      0.4094639      3.9307185E-02
   2.162770      0.4069928      3.8077798E-02
   2.192857      0.4045320      3.6886878E-02
   2.223363      0.4020814      3.5733201E-02
   2.254293      0.3996408      3.4615587E-02
   2.285654      0.3972104      3.3532951E-02
   2.317450      0.3947901      3.2484178E-02
   2.349689      0.3923797      3.1468198E-02
   2.382376      0.3899794      3.0484000E-02
   2.415519      0.3875889      2.9530568E-02
   2.449122      0.3852084      2.8606972E-02
   2.483192      0.3828377      2.7712254E-02
   2.517737      0.3804767      2.6845522E-02
   2.552762      0.3781256      2.6005900E-02
   2.588275      0.3757842      2.5192536E-02
   2.624281      0.3734525      2.4404608E-02
   2.660789      0.3711303      2.3641329E-02
   2.697804      0.3688179      2.2901917E-02
   2.735334      0.3665150      2.2185631E-02
   2.773386      0.3642215      2.1491753E-02
   2.811968      0.3619377      2.0819578E-02
   2.851087      0.3596632      2.0168416E-02
   2.890749      0.3573981      1.9537630E-02
   2.930963      0.3551424      1.8926568E-02
   2.971737      0.3528961      1.8334612E-02
   3.013078      0.3506590      1.7761180E-02
   3.054994      0.3484312      1.7205682E-02
   3.097493      0.3462126      1.6667556E-02
   3.140584      0.3440032      1.6146259E-02
   3.184274      0.3418029      1.5641265E-02
   3.228571      0.3396117      1.5152068E-02
   3.273485      0.3374296      1.4678168E-02
   3.319024      0.3352565      1.4219091E-02
   3.365196      0.3330924      1.3774374E-02
   3.412011      0.3309372      1.3343564E-02
   3.459477      0.3287910      1.2926227E-02
   3.507603      0.3266536      1.2521946E-02
   3.556398      0.3245251      1.2130310E-02
   3.605873      0.3224054      1.1750916E-02
   3.656035      0.3202944      1.1383396E-02
   3.706896      0.3181922      1.1027368E-02
   3.758464      0.3160987      1.0682471E-02
   3.810750      0.3140138      1.0348367E-02
   3.863762      0.3119376      1.0024711E-02
   3.917512      0.3098699      9.7111780E-03
   3.972010      0.3078108      9.4074504E-03
   4.027267      0.3057602      9.1132205E-03
   4.083291      0.3037181      8.8281957E-03
   4.140096      0.3016844      8.5520819E-03
   4.197690      0.2996592      8.2846070E-03
   4.256086      0.2976423      8.0254963E-03
   4.315294      0.2956338      7.7744899E-03
   4.375326      0.2936336      7.5313319E-03
   4.436193      0.2916416      7.2957827E-03
   4.497906      0.2896579      7.0675998E-03
   4.560478      0.2876824      6.8465513E-03
   4.623921      0.2857150      6.6324170E-03
   4.688246      0.2837558      6.4249816E-03
   4.753466      0.2818047      6.2240320E-03
   4.819593      0.2798617      6.0293684E-03
   4.886641      0.2779267      5.8407937E-03
   4.954621      0.2759997      5.6581153E-03
   5.023546      0.2740807      5.4811519E-03
   5.093431      0.2721696      5.3097229E-03
   5.164287      0.2702664      5.1436555E-03
   5.236129      0.2683712      4.9827825E-03
   5.308971      0.2664837      4.8269397E-03
   5.382826      0.2646040      4.6759718E-03
   5.457708      0.2627321      4.5297267E-03
   5.533633      0.2608680      4.3880534E-03
   5.610614      0.2590115      4.2508119E-03
   5.688665      0.2571628      4.1178628E-03
   5.767803      0.2553217      3.9890711E-03
   5.848041      0.2534882      3.8643093E-03
   5.929395      0.2516623      3.7434490E-03
   6.011882      0.2498440      3.6263671E-03
   6.095515      0.2480331      3.5129492E-03
   6.180312      0.2462298      3.4030778E-03
   6.266289      0.2444339      3.2966423E-03
   6.353461      0.2426454      3.1935363E-03
   6.441847      0.2408644      3.0936548E-03
   6.531461      0.2390907      2.9968978E-03
   6.622323      0.2373243      2.9031662E-03
   6.714449      0.2355653      2.8123660E-03
   6.807857      0.2338135      2.7244063E-03
   6.902563      0.2320690      2.6391975E-03
   6.998588      0.2303316      2.5566532E-03
   7.095947      0.2286015      2.4766915E-03
   7.194661      0.2268786      2.3992304E-03
   7.294750      0.2251627      2.3241912E-03
   7.396230      0.2234539      2.2514996E-03
   7.499121      0.2217523      2.1810818E-03
   7.603445      0.2200576      2.1128652E-03
   7.709219      0.2183700      2.0467835E-03
   7.816464      0.2166893      1.9827683E-03
   7.925203      0.2150156      1.9207544E-03
   8.035454      0.2133488      1.8606805E-03
   8.147238      0.2116889      1.8024859E-03
   8.260578      0.2100359      1.7461106E-03
   8.375494      0.2083897      1.6914991E-03
   8.492008      0.2067503      1.6385957E-03
   8.610144      0.2051177      1.5873469E-03
   8.729921      0.2034919      1.5377013E-03
   8.851368      0.2018728      1.4896075E-03
   8.974503      0.2002604      1.4430184E-03
   9.099350      0.1986546      1.3978864E-03
   9.225935      0.1970555      1.3541660E-03
   9.354280      0.1954630      1.3118128E-03
   9.484411      0.1938771      1.2707845E-03
   9.616353      0.1922977      1.2310391E-03
   9.750130      0.1907249      1.1925370E-03
   9.885767      0.1891586      1.1552392E-03
   10.02329      0.1875988      1.1191078E-03
   10.16273      0.1860454      1.0841065E-03
   10.30411      0.1844984      1.0501996E-03
   10.44745      0.1829579      1.0173534E-03
   10.59279      0.1814236      9.8553416E-04
   10.74015      0.1798958      9.5471105E-04
   10.88956      0.1783743      9.2485157E-04
   11.04105      0.1768591      8.9592551E-04
   11.19465      0.1753501      8.6790434E-04
   11.35038      0.1738474      8.4075949E-04
   11.50828      0.1723509      8.1446354E-04
   11.66838      0.1708605      7.8899076E-04
   11.83070      0.1693764      7.6431449E-04
   11.99528      0.1678984      7.4040942E-04
   12.16215      0.1664265      7.1725214E-04
   12.33134      0.1649607      6.9481914E-04
   12.50289      0.1635009      6.7308813E-04
   12.67682      0.1620472      6.5203680E-04
   12.85317      0.1605995      6.3164346E-04
   13.03198      0.1591578      6.1188790E-04
   13.21327      0.1577220      5.9275026E-04
   13.39709      0.1562922      5.7421130E-04
   13.58346      0.1548683      5.5625243E-04
   13.77242      0.1534504      5.3885527E-04
   13.96402      0.1520382      5.2200176E-04
   14.15828      0.1506319      5.0567545E-04
   14.35524      0.1492314      4.8985973E-04
   14.55494      0.1478367      4.7453880E-04
   14.75742      0.1464477      4.5969730E-04
   14.96271      0.1450646      4.4531983E-04
   15.17087      0.1436871      4.3139182E-04
   15.38191      0.1423154      4.1789954E-04
   15.59590      0.1409493      4.0482916E-04
   15.81286      0.1395888      3.9216783E-04
   16.03283      0.1382341      3.7990249E-04
   16.25587      0.1368848      3.6802047E-04
   16.48202      0.1355412      3.5651019E-04
   16.71131      0.1342031      3.4535979E-04
   16.94378      0.1328706      3.3455831E-04
   17.17949      0.1315436      3.2409476E-04
   17.41848      0.1302221      3.1395839E-04
   17.66080      0.1289060      3.0413890E-04
   17.90649      0.1275954      2.9462657E-04
   18.15559      0.1262901      2.8541166E-04
   18.40816      0.1249903      2.7648502E-04
   18.66424      0.1236959      2.6783778E-04
   18.92389      0.1224068      2.5946100E-04
   19.18715      0.1211231      2.5134598E-04
   19.45407      0.1198446      2.4348477E-04
   19.72470      0.1185715      2.3586951E-04
   19.99910      0.1173036      2.2849250E-04
   20.27731      0.1160410      2.2134621E-04
   20.55939      0.1147836      2.1442333E-04
   20.84541      0.1135313      2.0771693E-04
   21.13540      0.1122843      2.0122032E-04
   21.42942      0.1110424      1.9492691E-04
   21.72753      0.1098057      1.8883040E-04
   22.02979      0.1085741      1.8292456E-04
   22.33625      0.1073475      1.7720339E-04
   22.64698      0.1061261      1.7166112E-04
   22.96204      0.1049097      1.6629217E-04
   23.28148      0.1036983      1.6109114E-04
   23.60535      0.1024919      1.5605292E-04
   23.93373      0.1012906      1.5117222E-04
   24.26668      0.1000941      1.4644413E-04
   24.60427      9.8902673E-02  1.4186389E-04
   24.94655      9.7716138E-02  1.3742689E-04
   25.29359      9.6534505E-02  1.3312869E-04
   25.64545      9.5357761E-02  1.2896500E-04
   26.00221      9.4185933E-02  1.2493151E-04
   26.36394      9.3018904E-02  1.2102413E-04
   26.73071      9.1856703E-02  1.1723892E-04
   27.10257      9.0699300E-02  1.1357211E-04
   27.47960      8.9546695E-02  1.1002007E-04
   27.86187      8.8398896E-02  1.0657911E-04
   28.24947      8.7255806E-02  1.0324569E-04
   28.64246      8.6117439E-02  1.0001656E-04
   29.04092      8.4983781E-02  9.6888405E-05
   29.44493      8.3854817E-02  9.3858100E-05
   29.85454      8.2730517E-02  9.0922615E-05
   30.26985      8.1610903E-02  8.8078930E-05
   30.69095      8.0495887E-02  8.5324144E-05
   31.11791      7.9385489E-02  8.2655519E-05
   31.55080      7.8279667E-02  8.0070364E-05
   31.98972      7.7178434E-02  7.7566045E-05
   32.43474      7.6081738E-02  7.5140117E-05
   32.88594      7.4989639E-02  7.2790062E-05
   33.34344      7.3902011E-02  7.0513444E-05
   33.80729      7.2818883E-02  6.8308043E-05
   34.27760      7.1740218E-02  6.6171619E-05
   34.75445      7.0666023E-02  6.4102045E-05
   35.23792      6.9596328E-02  6.2097213E-05
   35.72813      6.8530999E-02  6.0155042E-05
   36.22517      6.7470081E-02  5.8273610E-05
   36.72911      6.6413544E-02  5.6451023E-05
   37.24007      6.5361388E-02  5.4685446E-05
   37.75812      6.4313583E-02  5.2975116E-05
   38.28338      6.3270144E-02  5.1318282E-05
   38.81596      6.2230989E-02  4.9713235E-05
   39.35595      6.1196133E-02  4.8158381E-05
   39.90345      6.0165547E-02  4.6652160E-05
   40.45856      5.9139233E-02  4.5193057E-05
   41.02139      5.8117155E-02  4.3779608E-05
   41.59205      5.7099354E-02  4.2410371E-05
   42.17065      5.6085713E-02  4.1083931E-05
   42.75731      5.5076275E-02  3.9798972E-05
   43.35213      5.4071002E-02  3.8554208E-05
   43.95521      5.3069897E-02  3.7348393E-05
   44.56668      5.2072957E-02  3.6180296E-05
   45.18667      5.1080115E-02  3.5048710E-05
   45.81528      5.0091378E-02  3.3952510E-05
   46.45264      4.9106725E-02  3.2890599E-05
   47.09887      4.8126142E-02  3.1861902E-05
   47.75407      4.7149625E-02  3.0865398E-05
   48.41839      4.6177182E-02  2.9900059E-05
   49.09196      4.5208722E-02  2.8964898E-05
   49.77490      4.4244263E-02  2.8058976E-05
   50.46734      4.3283802E-02  2.7181399E-05
   51.16942      4.2327307E-02  2.6331263E-05
   51.88125      4.1374765E-02  2.5507732E-05
   52.60297      4.0426210E-02  2.4709963E-05
   53.33476      3.9481543E-02  2.3937122E-05
   54.07673      3.8540773E-02  2.3188457E-05
   54.82902      3.7603892E-02  2.2463206E-05
   55.59175      3.6670893E-02  2.1760654E-05
   56.36510      3.5741787E-02  2.1080072E-05
   57.14922      3.4816489E-02  2.0420766E-05
   57.94425      3.3895019E-02  1.9782081E-05
   58.75034      3.2977361E-02  1.9163368E-05
   59.56765      3.2063492E-02  1.8564007E-05
   60.39631      3.1153405E-02  1.7983404E-05
   61.23649      3.0247128E-02  1.7420962E-05
   62.08839      2.9344551E-02  1.6876094E-05
   62.95213      2.8445709E-02  1.6348273E-05
   63.82788      2.7550595E-02  1.5836960E-05
   64.71583      2.6659166E-02  1.5341633E-05
   65.61610      2.5771433E-02  1.4861814E-05
   66.52890      2.4887415E-02  1.4397001E-05
   67.45441      2.4007011E-02  1.3946718E-05
   68.39281      2.3130249E-02  1.3510513E-05
   69.34425      2.2257110E-02  1.3087953E-05
   70.30893      2.1387586E-02  1.2678611E-05
   71.28702      2.0521654E-02  1.2282076E-05
   72.27870      1.9659348E-02  1.1897946E-05
   73.28420      1.8800568E-02  1.1525824E-05
   74.30370      1.7945338E-02  1.1165338E-05
   75.33737      1.7093647E-02  1.0816126E-05
   76.38541      1.6245477E-02  1.0477844E-05
   77.44801      1.5400857E-02  1.0150143E-05
   78.52544      1.4559682E-02  9.8326818E-06
   79.61784      1.3721999E-02  9.5251507E-06
   80.72545      1.2887775E-02  9.2272385E-06
   81.84846      1.2056999E-02  8.9386440E-06
   82.98707      1.1229664E-02  8.6590817E-06
   84.14152      1.0405782E-02  8.3882633E-06
   85.31205      9.5852772E-03  8.1259086E-06
   86.49887      8.7681636E-03  7.8717594E-06
   87.70219      7.9544308E-03  7.6255601E-06
   88.92226      7.1440684E-03  7.3870615E-06
   90.15927      6.3370499E-03  7.1560262E-06
   91.41350      5.5334033E-03  6.9322155E-06
   92.68520      4.7330526E-03  6.7154010E-06
   93.97459      3.9360058E-03  6.5053678E-06
   95.28191      3.1422600E-03  6.3019042E-06
   96.60739      2.3517986E-03  6.1048077E-06
   97.95132      1.5646339E-03  5.9138742E-06
   99.31397      7.8069250E-04  5.7289103E-06
